 10 10
 142.34  117.60   55.77  -37.75 -158.85 -119.44  64.80 -109.79  -77.18   -8.47
 -51.12  186.35 -193.41 -123.21  135.71 -102.83 174.76  118.18 -132.96   18.69
   4.67 -115.03   46.33 -124.43 -116.41  -93.20  52.30   57.36  -73.57  -22.12
-172.19   70.94 -197.55 -167.73  191.32   84.33 -22.21   20.12 -152.93   -5.29
 -14.40   45.62   86.76   55.17  -50.34   28.68  75.19   52.39  112.58   99.05
 -48.57   87.48   23.94   83.40  155.73   39.91 -82.96   68.61  165.07  183.67
-104.90   21.98  -56.11   37.24  -46.74   19.24  -0.62  116.80 -191.82  -53.00
 110.67   64.60  101.56  -26.01  -80.91  -90.67  -0.42 -113.80  -52.53    2.07
 -71.43   11.94   11.45  -64.05  129.78  199.18  58.68  164.44  -50.06  172.12
 118.39   45.50   60.93 -191.53 -117.89  -34.53  17.23  -57.98   72.39 -120.22
